95
95
94
95
95
95
95
95
95
95
95
95
95
95
95
95
95
63
95
95
95
95
95
95
95
95
95
95
95
95
95
88
87
95
81
65
63
60
67
90
95
95
95
77
93
95
95
95
95
95
95
95
78
95
84
86
95
95
95
95
95
95
95
95
95
95
95
95
95
95
95
95
95
95
95
95
95
95
95
95
95
95
95
95
95
95
95
95
95
95
95
95
95
95
95
95
95
95
95
95
95
95
95
95
95
78
95
95
95
95
95
95
95
95
95
95
95
95
95
95
95
95
95
60
69
65
60
60
60
60
65
60
60
60
60
60
60
60
71
70
76
95
60
65
68
81
70
66
85
85
95
74
70
80
95
95
95
95
87
83
81
95
91
88
91
95
95
95
95
95
95
95
95
95
95
95
95
95
95
95
95
95
95
95
95
82
95
95
89
95
95
80
60
95
65
77
95
95
95
95
95
95
95
95
95
95
95
95
95
95
95
95
95
95
95
95
95
95
95
95
95
95
95
95
95
95
95
95
95
95
95
95
95
95
95
95
95
95
95
95
95
95
95
95
95
95
95
95
95
95
95
95
95
95
95
95
95
91
95
95
95
95
95
95
79
60
60
60
76
60
80
80
60
60
95
95
95
95
71
84
82
95
86
93
95
95
95
95
95
95
95
95
95
95
95
95
95
95
95
95
95
86.1481
