6456000
4927000
6167000
6189000
6678000
6632000
6204000
6522000
6721000
6220000
6057000
6529000
7066000
5823000
6087000
5918000
5679000
6087000
5342000
6189000
6799000
4222000
4897000
5052000
4273000
4498000
4300000
6819000
7424000
6259000
7107000
5773000
2795000
4115000
6666000
7564000
6264000
4298000
3909000
3616000
4134000
3447000
5562000
5420000
5700000
3117000
5648000
6352000
4676000
4729000
4019000
3860000
4873000
3837000
3832000
4513000
3796000
3396000
3532000
3551000
5501000
7261000
4562000
4848000
4009000
5882000
6464000
7809000
7644000
7169000
7668000
7180000
6404000
10220000
10718000
10767000
10029000
10349000
11075000
11224000
10119000
10113000
11152000
10705000
10053000
10523000
11539000
11415000
11354000
3539000
5636000
3989000
3971000
3955000
4011000
4101000
3776000
3773000
3776000
3773000
3885000
3815000
5455000
5618000
4517000
3851000
3882000
4022000
3930000
3926000
3975000
1923000
5622000
3999000
4206000
3946000
3871000
3899000
3908000
8487000
8128000
7766000
7153000
7172000
7037000
8012000
4020000
7365000
6705000
7863000
6058000
6061000
4502000
5733000
8443000
8124000
5550000
7347000
6227000
7632000
6556000
6235000
6378000
6178000
7213000
6843000
6020000
7518000
8085000
7848000
6176000
6657000
7516000
7683000
7600000
6011000
7123000
6817000
7624000
6359000
6357000
6561000
6142000
6192000
6420000
7207000
6387000
15028000
7182000
6450000
5591000
6002000
6902000
5875000
4534000
6576000
6237000
7810000
7469000
6984000
6776000
6741000
7270000
8632000
5333000
6223000
7006000
8079000
8436000
8520000
7541000
6848000
5856000
3433000
4048000
5263000
5627000
6462000
5300000
5419000
5758000
5366000
4405000
5995000
4094000
6879000
4692000
6702000
4786000
6503000
4901000
6033000
4642000
3403000
6884000
6131000
8207000
4653000
2897000
3136000
3429000
3480000
3477000
1904000
6100000
7938000
7820000
4838000
4833000
4915000
5394000
5105000
7192000
5971000
5891000
4877000
5230000
2583000
3948000
3673000
3940000
3176000
3241000
2983000
26551000
21449000
17440000
10596000
6855000
5419000
6328000
4496000
5588000
4265000
4781000
4063000
6050000
7782000
7885000
6313000
5942000
6850000
5231000
3290000
3054000
3051000
3168000
3164000
3150000
4992000
5851000
6166000
7035000
4545000
4868000
5688000
6550000
5997000
4490000
5136000
7094000
6562000
4684000
5674000
6004000
7140000
5957000
9945000
5214000
7799000
7102000
10211000
10621000
10052000
10782000
8846000
8704000
8641000
9595000
8381000
8907000
6537000
3543000
4621000
4489000
25604000
20653000
4137000
3886000
3317000
3669000
6124000
5138000
4503000
5491000
6490000
5540000
6226000
7234000
3751000
5995000
5465000
5336000
5498000
5832000
5375000
4097000
6571000
8245000
18326000
8441000
9373000
8384000
8374000
8644000
9051000
10020000
9146000
9437000
9731000
11723000
9095000
9348000
8990000
8968000
7685000
5880000
4495000
8398000
8439000
9344000
12300000
15248000
14509000
3519000
3405000
3402000
3376000
3363000
1588000
5815000
7569000
6568000
7442000
17571000
17345000
17733000
17582000
17429000
15777000
9591000
10186000
10677000
10693000
9747000
9995000
11478000
10575000
7344000
11740000
10961000
9191000
8674000
4058000
3085000
3819000
3092000
3345000
3292000
4955000
4678000
4832000
7031000
6098000
4930000
5801000
6949000
3518000
3360000
3377000
3397000
3695000
3563000
3712000
3468000
3573000
3620000
5496000
3483000
3614000
3682000
3368000
3388000
5583000
4797000
3121000
3350000
3719000
3812000
4913000
3626000
4283000
3598000
3702000
4874000
4995000
5078000
4406000
3895000
3869000
4519000
5866000
3863000
5923000
5597000
3960000
5345000
5713000
5281000
4570000
8612000
4967000
5274000
4224000
5767000
3648000
5205000
10881000
12607000
6934000
4728000
4284000
6596000
7612000
5107000
4856000
5893000
4569000
3974000
4502000
3994000
4629000
4562000
3988000
5864000
3640000
3926000
4372000
4217000
4123000
4437000
3674000
3705000
2126000
8586000
4393000
6296000
3890000
3999000
3869000
4745000
3620000
3649000
3413000
3800000
3737000
3870000
5056000
4932000
8912000
4462000
3543000
3421000
3246000
3563000
4641000
8112000
5126000
6687000
3726000
4444000
6739000
5284000
6608000
6619000
6617000
4188000
6460000
3291000
5075000
3458000
3479000
4133000
7472000
3810000
5323000
7360000
4630000
4574000
4604000
6830000
7428000
8858000
4678000
9931000
9148000
8175000
4512000
3328000
3976000
3287000
3211000
3183000
3256000
3186000
5155000
4192000
4947000
3876000
4258000
3596000
5313000
3124000
2999000
3072000
3055000
2995000
3510000
3145000
3187000
3974000
3697000
3674000
3922000
4594000
3620000
3808000
3532000
3611000
4429000
4190000
1529000
3555000
3430000
4477000
3410000
3400000
3438000
3526000
3387000
3158000
3275000
4195000
9625000
5075000
4854000
8637000
5830000
6028000
4242000
4915000
4632000
3646000
3457000
3229000
3118000
4381000
3338000
3633000
3411000
3362000
3604000
3362000
3410000
4356000
4259000
4524000
7283000
3502000
3788000
3912000
4571000
3940000
3672000
4647000
4608000
7054000
3879000
3646000
4082000
8221000
5771000
8032000
8310000
4020000
3759000
3653000
4575000
3986000
3789000
3874000
4083000
4015000
4461000
4545000
4719000
5669000
5218000
4393000
3853000
4990000
3890000
8548000
3825000
3905000
8792000
11744000
12580000
14164000
14714000
9082000
5704000
6630000
8880000
5904000
6850000
6263000
5123000
3422000
6965000
4026000
4692000
6919000
5685000
14351000
8547000
7400000
6540000
6344000
6007000
6621000
7671000
7692000
5093000
6583000
9496000
9032000
7002000
6213000
5542000
4864000
6545000
5815000
4715000
4931000
6527000
8763000
5298000
5552000
4445000
5267000
4341000
4405000
4726000
4715000
4615000
3646000
4156000
3726000
3662000
3531000
3616000
4521000
3755000
4455000
4505000
4741000
3971000
3708000
3900000
4635000
3569000
5473000
4527000
3548000
3172000
3374000
3337000
3376000
6539000
3324000
3480000
4270000
4039000
4104000
3318000
4461000
3424000
3501000
3364000
3332000
3884000
5936000
4207000
3655000
3429000
5532000
3524000
5714000
5637000
3506000
3428000
7673000
7052000
7017000
7159000
4395000
5127000
4980000
6440000
5105000
5414000
9079000
5542000
9464000
4557000
